1 2 1.000000000000000e+00
1 3 0.000000000000000e+00
1 4 1.000000000000000e+00
1 5 0.000000000000000e+00
1 6 1.000000000000000e+00
1 7 0.000000000000000e+00
1 8 1.000000000000000e+00
1 9 0.000000000000000e+00
1 10 1.000000000000000e+00
2 3 1.000000000000000e+00
2 4 2.000000000000000e+00
2 5 1.000000000000000e+00
2 6 2.000000000000000e+00
2 7 1.000000000000000e+00
2 8 2.000000000000000e+00
2 9 1.000000000000000e+00
2 10 2.000000000000000e+00
3 4 1.000000000000000e+00
3 5 0.000000000000000e+00
3 6 1.000000000000000e+00
3 7 0.000000000000000e+00
3 8 1.000000000000000e+00
3 9 0.000000000000000e+00
3 10 1.000000000000000e+00
4 5 1.000000000000000e+00
4 6 2.000000000000000e+00
4 7 1.000000000000000e+00
4 8 2.000000000000000e+00
4 9 1.000000000000000e+00
4 10 2.000000000000000e+00
5 6 1.000000000000000e+00
5 7 0.000000000000000e+00
5 8 1.000000000000000e+00
5 9 0.000000000000000e+00
5 10 1.000000000000000e+00
6 7 1.000000000000000e+00
6 8 2.000000000000000e+00
6 9 1.000000000000000e+00
6 10 2.000000000000000e+00
7 8 1.000000000000000e+00
7 9 0.000000000000000e+00
7 10 1.000000000000000e+00
8 9 1.000000000000000e+00
8 10 2.000000000000000e+00
9 10 1.000000000000000e+00
